17872607126
15946659066
19318675985
13687373028
15922369659
19511262617
13453864888
18742024569
15769468575
15590072318
18840804943
19873526985
17775020817
15099023340
15047481000
18555391956
18870441123
18141129536
15369773278
17560398523
13204042685
17878383176
18612342388
15906617591
18240121383
15290629713
15185894444
18042617710
15175004334
18647686157
18141000695
19818931987
15720954106
15855201216
15564674928
13946086179
15641130028
13881090701
13375382717
15966755875
15679640897
18504046035
15886990946
15509886227
15904104963
18850900567
13641217192
19809580017
18041774199
13841773957
18622016709
13171248654
18204173677
18341139310
18041123764
15233864850
18019835929
13332288301
15345245939
18242302622
18004215782
15942630175
15364603295
18317603942
18698267196
18357500114
15898177238
15904111702
18065881599
15893592620
15111513141
15138906636
19572968818
13195480529
15563788527
13147383020
13314000753
15028129769
18104657699
18900582331
19932199355
15998642077
13230191562
13846541603
13455501630
13084155250
15940619471
13192292157
15677206101
13634915193
13386335641
18862873533
13613477795
19965463409
15904091676
13805657127
13030036916
17673888182
15940463381
15147700005
13974542112
15803463180
13972507744
15143117140
18844234770
15141246033
18728073368
15849647220
13125690805
18364551819
13103300306
18295996895
18866560330
13458379772
18642621028
15804255796
18919718069
14795669317
18359516939
18342279610
13081212373
15097419270
15640907685
18814582599
13109827602
18742526303
19804344487
15998513877
17609875182
13540837978
15717021188
15196466873
13787389137
13704264344
19956303601
15843510755
15556800827
15004140724
15694142290
18614977330
15542200236
13604243411
16632816886
13574355600
15542437132
18642642776
13575111918
13332206409
18322050433
13668016112
13024124450
15204183867
19995707606
18373650531
18304335001
15709422143
13308180423
18524066076
18652991116
15640902654
13316824260
13904269341
13848335968
13059030313
18132116729
17622677377
18632865168
13390189681
18041126954
18270850572
18364551819
15979704698
13251887870
15242902772
15137498390
13504491425
18004315636
13304836067
15842650840
18525586719
13812218581
17642516136
18905967362
13766081224
19383207198
18555391756
13390520923
17631183186
17390505985
13307871306
17852664611
17775020817
19873526985