1    1.42518898734262110000 46131.5883280572200000 70.0000000000000000000 0.00622057135138432200
2    1.61735498364511180000 35265.0507828261250000 70.0000000000000000000 0.00555035571459181100
3    1.64688104956262050000 39560.3513443039000000 69.9999999999999400000 0.00591013720116685800
4    1.79101614388663940000 45062.5129933008000000 69.9999999999998300000 0.00628401261926355200
5    1.95314689737595650000 39462.4716522928140000 70.0000000000000000000 0.00611229602714646600
6    2.06917678605727800000 23738.7602832719000000 70.0000000000000000000 0.00506365854864922300
7    1.78877874854067900000 53865.9369695814200000 70.0000000000000000000 0.00675961306876762400
8    1.90707318327976140000 49077.8454654228200000 70.0000000000000000000 0.00656277538659173850
9    1.57875109192548170000 64662.1114122079200000 70.0000000000000000000 0.00716422314318976600
10   2.29748276667873400000 30454.3984633566000000 70.0000000000000000000 0.00567104929514494800
11   2.36229600042461250000 34314.4434613129300000 70.0000000000000000000 0.00599426857175095000
12   2.29879046738166930000 20410.9453785455700000 70.0000000000000000000 0.00485832064261465700
13   1.28171386180274900000 15328.0687363481320000 70.0000000000000000000 0.00275846479965431700
14   2.39863000727562750000 19896.6667118878830000 70.0000000000000000000 0.00480559142187349500
15   2.11510869372397540000 16629.2282152548600000 70.0000000000000000000 0.00406192547113874800
16   2.78417823870542700000 33168.1633536357550000 70.0000000000000000000 0.00621752072674029300
17   2.21059712337484360000 18227.6566386460400000 70.0000000000000000000 0.00415330159162661650
18   1.42848206849019440000 19149.0452283561940000 70.0000000000000000000 0.00294469780499576760
19   2.42698109798556150000 20149.5766812030270000 70.0000000000000000000 0.00468447432847941400
20   1.64917392644887800000 19049.4973185800550000 70.0000000000000000000 0.00315456185424969030
21   1.68832931628379800000 18937.6873117681300000 69.9999999999999600000 0.00320096336840883300
22   1.99409608057981670000 20281.4214056798800000 70.0000000000000000000 0.00363436160158702000
23   1.39894632834124240000 22843.3985404088900000 70.0000000000000000000 0.00285023465776921720
24   1.88032551149208900000 21122.6532244213100000 70.0000000000000000000 0.00344169891234644660
25   1.70110678216323000000 21794.3750194906170000 70.0000000000000000000 0.00320016465765723200
26   1.55201354893380160000 22617.7688403607640000 70.0000000000000000000 0.00303887418141490600
27   1.41053849929214930000 23988.6151536583020000 70.0000000000000000000 0.00291012883552717530
28   1.34515481647424900000 27485.7266371132100000 70.0000000000000000000 0.00286928066717437140
29   1.34050047784757660000 31136.1136110031000000 70.0000000000000000000 0.00294426114690801060
30   1.38184723675783830000 37235.3240424414900000 70.0000000000000000000 0.00304220478684024030
31   1.47050900134250060000 29528.3540894490100000 69.9999999999998300000 0.00537834216568229200
32   1.51540085705008200000 34718.2281817450400000 70.0000000000000000000 0.00578750775389240500
33   1.57386394976200900000 25571.5846643352850000 69.9999999999999400000 0.00500603128526359200
34   1.62120328854594060000 28762.8422448706840000 70.0000000000000000000 0.00533517916903414400
35   1.78175056463517610000 32830.1758919559650000 70.0000000000000000000 0.00566638835229441500
36   1.83418580756503720000 28762.8891905200940000 69.9999999999999400000 0.00541105236532453500
37   1.80019496269458830000 18091.5101763793600000 69.9999999999999600000 0.00443314847250864000
38   1.87495450011372780000 39772.0347877387250000 70.0000000000000000000 0.00619598831012164500
39   1.90718210102915560000 35714.0850183164500000 70.0000000000000000000 0.00590647443185526500
40   2.01707323308181300000 23024.2375246048430000 69.9999999999998400000 0.00493086781950532750
41   2.09358706472838100000 25730.0193472102440000 70.0000000000000000000 0.00520672999145464200
42   1.96128198518902640000 16533.1479751892080000 70.0000000000000000000 0.00424887933683137000
43   1.20929824034325040000 11970.1518812682200000 69.9999999999999600000 0.00262936501501854500
44   2.03706948450872670000 16418.2483630355000000 70.0000000000000000000 0.00420100681123975600
45   1.81072083973203870000 13794.6227813045240000 70.0000000000000000000 0.00361362187536497800
46   2.39491270795021700000 25777.1381947430400000 70.0000000000000000000 0.00534167281843321200
47   1.89437796291663350000 15142.5688682722480000 70.0000000000000000000 0.00369116071704982500
48   1.32371649967112150000 15182.2979164629470000 70.0000000000000000000 0.00277061083237261330
49   2.06451341874911400000 16851.3099927692000000 70.0000000000000000000 0.00411501683379392600
50   1.48143507159377300000 15165.0204934155140000 70.0000000000000000000 0.00291507205992986430
51   1.50968795795791800000 15125.0154215566780000 70.0000000000000000000 0.00294934880599534740
52   1.74871769247776830000 16609.3958186576060000 70.0000000000000000000 0.00329357317001475100
53   1.31828543301754400000 17681.8891215178260000 69.9999999999999700000 0.00267662979049247730
54   1.52785155232814220000 17238.2408377373070000 69.9999999999999700000 0.00294386539978648340
55   1.66661256620300540000 17111.6998478894350000 70.0000000000000000000 0.00314223950578822660
56   1.42668531446135700000 17885.3768166005540000 70.0000000000000000000 0.00283098849545068050
57   1.32865713266934860000 18666.0436151999670000 70.0000000000000000000 0.00273018209825983300
58   1.29362318377760090000 21365.1762792940600000 70.0000000000000000000 0.00269539873682482100
59   1.29041248243322170000 23925.6397205679640000 70.0000000000000000000 0.00274521208508982660
60   1.33066799214496870000 28907.5681189525000000 70.0000000000000000000 0.00281767077357504340
61   1.00009948354507070000 197661.727750590650000 11.6415987230459220000 nan0000000000000000000
62   1.00000000000000000000 36182.7207292258200000 41.1615414596848550000 0.00412254951635497700
63   1.00000000000000000000 34076.7889364621500000 44.5704844195113000000 0.00395957342387770650
64   1.46493161276314020000 172727.113002925120000 4.29484821003874100000 nan0000000000000000000
65   1.00977767535920050000 108153.019664171400000 4.20962850898080800000 nan0000000000000000000
66   1.00000000000000000000 33022.9263836801550000 47.9259134683012600000 0.00384935014105178700
67   1.07342752437746340000 184414.463249170860000 19.2349469738486930000 nan0000000000000000000
68   1.00000000000000070000 35818.8051033330800000 49.8934215016902800000 0.00406086693671345000
69   1.00000000000000000000 33773.6444717750700000 53.3562860315956940000 0.00389168999855898500
70   1.00000000000000000000 34611.9888423208900000 54.0490525706123460000 0.00390410777073231170
71   1.00000000000000000000 35406.2544941062400000 54.1403635896166100000 0.00401083903332478950
72   1.00000000000000000000 33946.4380548475400000 59.0331949469129700000 0.00382503055898240650
73   1.00000000000000000000 39267.6494221944600000 53.3454157594789460000 0.00431956770471983500
74   1.00000000000000000000 35935.0305648796300000 60.2805661710857700000 0.00394878339953051500
75   1.00000000000000000000 35234.2182357006240000 60.6168565763519800000 0.00395340912989069400
76   1.00000000000000000000 36722.1632282656800000 66.3401933594715600000 0.00400595983297944700
77   1.00000000000000090000 37574.2758582854400000 62.9791529823136860000 0.00417359308837561100
78   1.00000000000000000000 38468.7041973126000000 68.9190958325795200000 0.00406109023288575200
79   1.00000000000000130000 45587.2774177290900000 70.0000000000000000000 0.00418628237958268600
80   1.00000000000000000000 37250.7065700346000000 69.2211039085890300000 0.00407302627706413100
81   1.00000000000000000000 38007.8484432677360000 70.0000000000000000000 0.00404754852166721200
82   1.00000000000000070000 38226.4844038081100000 69.9999999999999900000 0.00419827068596899650
83   1.00000000000000000000 48538.4904376967240000 70.0000000000000000000 0.00419861035109312900
84   1.00000000000000000000 49876.4646768673100000 70.0000000000000000000 0.00422986238778473500
85   1.00000000000000130000 61654.1096888550460000 70.0000000000000000000 0.00459497877775049100
86   1.94967382841708710000 34445.4000075675650000 70.0000000000000000000 0.00395440779384035400
87   1.37294629007596260000 71657.8619124834100000 70.0000000000000000000 0.00522413318102121500
88   1.00000000000000160000 71440.6706587406400000 70.0000000000000000000 0.00489029647511709400
89   1.00000000000000000000 65582.6410387217800000 70.0000000000000000000 0.00458701746559839600
90   1.77047683739546620000 73955.1149672461600000 70.0000000000000000000 0.00563182060245844000
91   2.23974274339973970000 43744.4295882903460000 70.0000000000000000000 0.00448425196159541800
92   2.44686320363194400000 46734.2954607886600000 70.0000000000000000000 0.00486086556969538000
93   2.45757772847816400000 47516.9759452283900000 70.0000000000000000000 0.00492216806690090100
94   1.06211541494506100000 91298.0569019703400000 70.0000000000000000000 0.00561567571255912300
95   2.59539196627914230000 58172.9310813803700000 70.0000000000000000000 0.00556083267975284900
96   2.25672887682191900000 47524.1777512756000000 69.9999999999999900000 0.00429966602975203500
97   2.66259346226521030000 54468.9180694798050000 70.0000000000000000000 0.00535871403978587000
98   2.47575295447513750000 49935.1320088782700000 70.0000000000000000000 0.00474708741416932350
99   2.62948025707261660000 51691.0008332800900000 70.0000000000000000000 0.00507306820593780000
100  2.31986140410735060000 49924.0556860590900000 70.0000000000000000000 0.00446198066190538000
101  2.15713222868255540000 55387.6425145317800000 70.0000000000000000000 0.00426748428154671100
102  1.00000000000000130000 35732.1981187864200000 69.9999999999995300000 0.00559201261824751200
103  1.00000000000000000000 36808.7085294653200000 69.1333154495913500000 0.00571408868812136700
104  1.00000000000000750000 40522.0934531525850000 69.9999999999998200000 0.00559940329980554600
105  1.03471372909620300000 43387.3591364896200000 70.0000000000000000000 0.00552202279961848900
106  1.00000000000000000000 40380.5467445555260000 66.1964489065638200000 0.00599917043987403600
107  1.00000000000000420000 46998.1963576426800000 70.0000000000000000000 0.00579164417916618900
108  1.12431075029582340000 49570.9251532942700000 69.9999999999999700000 0.00576983344905696900
109  1.20781708215363800000 50119.5521146074000000 70.0000000000000000000 0.00583791270839162600
110  1.09221774184822000000 52938.8573638469240000 69.9999999999999000000 0.00598195974622424900
111  1.39199443240092900000 48427.0025484085560000 70.0000000000000000000 0.00570501859906552800
112  1.00000000000000130000 52173.1487164314100000 70.0000000000000000000 0.00612642834155736700
113  1.39571097798735380000 53621.5258069803800000 70.0000000000000000000 0.00603643458133162500
114  1.28231967317471550000 56576.1627258515600000 70.0000000000000000000 0.00609260064659698000
115  1.48352430911863650000 60479.2826304578100000 70.0000000000000000000 0.00636421622374411400
116  1.15520065793584300000 62925.4661590149100000 70.0000000000000000000 0.00640511781548486800
117  1.69678751512838350000 57978.6809337042100000 70.0000000000000000000 0.00641759102730684300
118  2.07672373276661130000 40298.0424987686200000 69.9999999999999700000 0.00569867002120170500
119  1.43810527977209970000 67481.8073618615900000 70.0000000000000000000 0.00665709214414099400
120  1.55420527398280920000 65497.6854124146100000 69.9999999999998600000 0.00660552295627697900
121  1.27588208463902600000 69812.2985146466200000 70.0000000000000000000 0.00669133360774128500
122  2.21408330036877960000 50042.5621030721960000 70.0000000000000000000 0.00629243267815524350
123  2.21929076858361700000 55330.7305427331500000 70.0000000000000000000 0.00658143570929755000
124  2.47509105533962750000 36423.5421838306650000 70.0000000000000000000 0.00567986567629779600
125  1.56028827705175900000 20443.9710756983600000 70.0000000000000000000 0.00314820557850522660
126  2.64087285650876300000 35309.6275096435800000 70.0000000000000000000 0.00568109171550382200
127  2.46653150152692900000 27356.5776323116100000 70.0000000000000000000 0.00488338937804590000
128  2.75594134248879100000 56018.3279136078560000 70.0000000000000000000 0.00702604191043062200
129  2.61910252066637250000 29110.8340503985930000 69.9999999999999700000 0.00504694790251975700
130  1.77495894701574450000 25507.8518551376150000 70.0000000000000000000 0.00345807322387176500
131  2.78796204277680460000 34030.8498966261540000 70.0000000000000000000 0.00565095364403362100
132  2.05787110984182600000 25967.6232087281200000 70.0000000000000000000 0.00379100550509994930
133  2.10201074414846230000 26011.7651818302440000 70.0000000000000000000 0.00385557775104993200
134  2.46115524849941800000 29146.1621695350100000 70.0000000000000000000 0.00445583571010216100
135  1.73269781630491230000 29689.3121798912500000 70.0000000000000000000 0.00331034669286151340
136  2.13532391541493900000 29244.2590409814070000 70.0000000000000000000 0.00386526463571163300
137  2.34974920092960370000 29408.2032235494480000 70.0000000000000000000 0.00421329570535474600
138  1.95267892345878380000 29863.1731728476800000 70.0000000000000000000 0.00362516680606580650
139  1.76300428175823600000 31188.1244745075960000 70.0000000000000000000 0.00340481940621044630
140  1.62529976888609150000 35590.5474709952700000 70.0000000000000000000 0.00328307737762306970
141  1.59552567530548230000 40514.9706038458000000 70.0000000000000000000 0.00336103202285504160
142  1.60393733161231670000 49078.8139727138400000 70.0000000000000000000 0.00347774093678643400
143  1.00000000000000000000 49794.3557448179400000 66.5932065176078500000 0.00550105773865314700
144  1.00000000000000000000 51274.9839825954200000 65.5674571635112100000 0.00561386130448048100
145  1.00000000000000000000 50744.0330091569050000 70.0000000000000000000 0.00542615359006955000
146  1.00000000000000000000 61420.9520100207400000 58.3826172846029650000 0.00629513909279585400
147  1.00000000000000000000 60904.8840229109850000 59.3209367268096100000 0.00625974261014414200
148  1.00000000000000840000 54491.1343716631700000 69.9999999999999900000 0.00532094761466888000
149  1.00000000000000000000 57694.5444554474900000 66.7688896499977700000 0.00604765736459293900
150  1.00000000000000160000 58398.8894550107500000 70.0000000000000000000 0.00556592108914237800
151  1.00000000000000600000 62911.9958239790100000 69.9999999999999300000 0.00548346303951271400
152  1.01190440108768650000 65428.2443707650000000 70.0000000000000000000 0.00555077857782023700
153  1.00000000000000300000 66672.6640010673700000 69.9999999999999900000 0.00567835882817457000
154  1.09580974355871970000 68790.9665325154200000 70.0000000000000000000 0.00552354211147642550
155  1.00000000000000130000 68844.2819310644600000 69.9999999999999900000 0.00598581152107931050
156  1.09881380257539460000 74255.5637898986200000 70.0000000000000000000 0.00577199763992005300
157  1.08199379220424900000 74168.4699141664500000 70.0000000000000000000 0.00577966196204307800
158  1.16647108109829900000 83514.7343276352900000 70.0000000000000000000 0.00605253222886422900
159  1.06942520933613850000 80326.3533385492800000 70.0000000000000000000 0.00607371800274761100
160  1.22654660139503700000 88676.7971593734400000 69.9999999999999900000 0.00622986536154284900
161  1.17593165457422400000 87120.0177265982200000 70.0000000000000000000 0.00617740136172604400
162  1.43791826607020660000 94102.8637638456600000 70.0000000000000000000 0.00638000404077841200
163  1.21274565576188700000 88921.5568451886200000 70.0000000000000000000 0.00619868615309070000
164  1.14888172014983850000 88706.1266181280700000 70.0000000000000000000 0.00626137316938240500
165  1.42204231340926970000 97172.7182657851500000 70.0000000000000000000 0.00639800690306350000
166  1.46586994614006640000 107674.969368236590000 69.9999999999999600000 0.00682222160101332800
167  1.78100247513238900000 108991.722076376620000 70.0000000000000000000 0.00697843241226117000
168  2.60616187396506670000 61265.0351626582850000 70.0000000000000000000 0.00541662271811455000
169  2.35052998623730500000 102242.402034618380000 70.0000000000000000000 0.00708806198979761200
170  1.98328185623945070000 115021.142998032240000 70.0000000000000000000 0.00729011765365358400
171  1.75885862743728570000 132577.411355683000000 70.0000000000000000000 0.00776179851181074400
172  2.72301262592494360000 111181.701130274010000 70.0000000000000000000 0.00773375938925240100
173  2.99729894890450800000 76640.5887285762300000 70.0000000000000000000 0.00623179136604098000
174  3.16136025612627000000 81755.8653414643900000 70.0000000000000000000 0.00665071532485725700
175  3.15847693336989680000 83245.8577056606300000 70.0000000000000000000 0.00672165060536119300
176  2.46045719154056330000 126085.478692909750000 70.0000000000000000000 0.00808134060728789300
177  3.25378844604757860000 99793.5399514662600000 70.0000000000000000000 0.00750081492233415600
178  3.08816924315246200000 80938.2374670057000000 70.0000000000000000000 0.00603087784433866800
179  3.27767866078971040000 84968.7595403848000000 70.0000000000000000000 0.00656366004455497840
180  3.42872423881731030000 89127.6843478352800000 70.0000000000000000000 0.00699391504689709900
181  3.48103782664175000000 96206.5138804281700000 70.0000000000000000000 0.00746186785394113000
182  3.21340964516956900000 85540.8432331666100000 70.0000000000000000000 0.00633393091773615700
183  1.00000000000000130000 37130.5738057147760000 70.0000000000000000000 0.00575133544654970100
184  1.00000000000000000000 38070.0312635796300000 70.0000000000000000000 0.00597157292304170900
185  1.00000000000000000000 41139.9351176258900000 70.0000000000000000000 0.00575537743096736200
186  1.05732310771579070000 42805.4367268722500000 70.0000000000000000000 0.00566612853807577200
187  1.00000000000000000000 41946.4648854248600000 69.9999999999987200000 0.00626333959750754800
188  1.02950825527880020000 50078.8739116781100000 69.9999999999999900000 0.00612655685114606400
189  1.14654777437922050000 48469.8529625270800000 69.9999999999999900000 0.00590952744299181100
190  1.21849581953127430000 49086.1510095859000000 70.0000000000000000000 0.00598918087920776700
191  1.12276553348974930000 51939.3386645443240000 70.0000000000000000000 0.00612722663569104000
192  1.36705175317816160000 47855.8720886764400000 70.0000000000000000000 0.00582940546692512200
193  1.00073051905183390000 55537.8178856543200000 70.0000000000000000000 0.00640165257963476500
194  1.37476950747741240000 52538.2368523163200000 69.9999999999999900000 0.00615071511240859000
195  1.30216597433529160000 55209.3725966889000000 70.0000000000000000000 0.00623681301385562700
196  1.46951855803958860000 59227.5593788642100000 70.0000000000000000000 0.00650202280404142600
197  1.20885726854979580000 63369.7694075457900000 70.0000000000000000000 0.00665026452663684300
198  1.60920395347857100000 57864.0540567019340000 70.0000000000000000000 0.00650622282254857000
199  1.95949540835825100000 47575.9040094157460000 70.0000000000000000000 0.00606748577337735900
200  1.45391058611049130000 65292.2571116077450000 70.0000000000000000000 0.00677846105247053350
201  1.55270508808841630000 64236.0165803694540000 70.0000000000000000000 0.00675758441609767200
202  1.34147650878278360000 70228.1310243173400000 69.9999999999999900000 0.00697037088866970800
203  2.02435931259198000000 56234.1656670797500000 70.0000000000000000000 0.00652512843853082200
204  2.05166140114828100000 61100.7743057717160000 69.9999999999999700000 0.00683912684851739900
205  2.33281933419819400000 48777.1361199647360000 70.0000000000000000000 0.00619188708684561100
206  1.84037945223802570000 32266.9942123459300000 70.0000000000000000000 0.00380851267248197550
207  2.50677898793488340000 42456.8188717226440000 70.0000000000000000000 0.00564104926458237900
208  2.53063716373061660000 49602.0780365380500000 70.0000000000000000000 0.00628238341006773600
209  2.52301359874305400000 67044.6707330060000000 70.0000000000000000000 0.00743004113682245500
210  2.68589964272323820000 45795.0014693241700000 70.0000000000000000000 0.00587493306788179500
211  2.11531157178863800000 41043.2657084679100000 70.0000000000000000000 0.00432985621850081000
212  2.37395328220323480000 41440.6818993754500000 70.0000000000000000000 0.00467798150836287100
213  2.39292601532200560000 41620.4620641433200000 70.0000000000000000000 0.00472873280674408700
214  2.84997293476059700000 51453.4803857051000000 70.0000000000000000000 0.00645523256944907400
215  2.70565221103341360000 47430.7467575029660000 70.0000000000000000000 0.00548928354501178300
216  2.10325195089109450000 46487.5958490393460000 70.0000000000000000000 0.00417658005163888200
217  2.63692473254761700000 46932.4768028234200000 70.0000000000000000000 0.00517346961211438100
218  2.33408955641412200000 47167.6053638224700000 70.0000000000000000000 0.00455760919913298250
219  2.52378802439798730000 47075.2347287913500000 70.0000000000000000000 0.00487662798818845400
220  2.15653449654002930000 48687.1450240458000000 70.0000000000000000000 0.00429185006891975600
221  2.01556515775836240000 55411.2471763640400000 70.0000000000000000000 0.00417090876165244200
222  1.98360212099710400000 61983.2804986110000000 70.0000000000000000000 0.00424688285013332900
223  1.98353319744018420000 73501.1239923799600000 70.0000000000000000000 0.00438561627850822200
224  1.00000000000000000000 45044.4629685712300000 69.9999999999999900000 0.00625748174891717400
225  1.00000000000000000000 44483.7687310329600000 70.0000000000000000000 0.00606000921885821800
226  1.00499317963817130000 47720.5513491969600000 70.0000000000000000000 0.00603067013100948400
227  1.11159658174968130000 47768.2441120138800000 70.0000000000000000000 0.00590551865432163360
228  1.00000000000000000000 51576.7292985981700000 70.0000000000000000000 0.00666146922157441800
229  1.08084150043037200000 53822.8057796949200000 69.9999999999999700000 0.00628684581916857200
230  1.21404154684373780000 54097.2066291925200000 70.0000000000000000000 0.00618886717028818100
231  1.27417145538726140000 54773.6266858771560000 69.9999999999999900000 0.00625781220755745300
232  1.20317127227312360000 58355.6429206642600000 70.0000000000000000000 0.00645853008757189700
233  1.40927802193940200000 54276.5525292916400000 70.0000000000000000000 0.00610820902745256000
234  1.08732076850866140000 64225.5047996839400000 70.0000000000000000000 0.00684662113473897400
235  1.42298457468948030000 59141.5757109841940000 70.0000000000000000000 0.00643834774863542600
236  1.37990212076704900000 61835.5283189223300000 69.9999999999999700000 0.00656231960856495400
237  1.53771309282279500000 66842.0697580985000000 70.0000000000000000000 0.00684900731165324200
238  1.31351787842437950000 70960.8701440091100000 70.0000000000000000000 0.00704510117255916600
239  1.64171205159237500000 66282.3679602308500000 70.0000000000000000000 0.00683899549764396100
240  1.93860172831666230000 59771.9170798033000000 70.0000000000000000000 0.00652284198173000500
241  1.54723795911735660000 72714.7637017458000000 70.0000000000000000000 0.00713972755937502000
242  1.61995094129129400000 71581.8027337107900000 69.9999999999999700000 0.00707481498961782500
243  1.47222091224657300000 79126.4772174436500000 69.9999999999999900000 0.00744934131651930600
244  1.99749778005816010000 68014.8120597514400000 70.0000000000000000000 0.00692245607523901300
245  2.05653963424218130000 73842.4530384158900000 70.0000000000000000000 0.00731595935114360500
246  2.33525339780621270000 64246.0278465635100000 69.9999999999999900000 0.00680692692986246350
247  2.15734305376718100000 41724.0721996273200000 70.0000000000000000000 0.00446182920324118000
248  2.54162625103856630000 65919.9631347683200000 70.0000000000000000000 0.00694120965882173200
249  2.69362777284530200000 58356.9527412807900000 70.0000000000000000000 0.00651202468435363600
250  2.51949593491645700000 84416.0633252459000000 70.0000000000000000000 0.00808131347860151600
251  2.82856584467917170000 61330.3260810687400000 70.0000000000000000000 0.00666533930455699900
252  2.48513840853200400000 52666.1771830464350000 70.0000000000000000000 0.00512366520583429600
253  2.70958264231522200000 53064.8011413832500000 70.0000000000000000000 0.00546786377209725300
254  2.78135914338700300000 54724.7710729229950000 70.0000000000000000000 0.00562837416175974700
255  3.01682007124186800000 70345.9888254711100000 70.0000000000000000000 0.00741565557973922800
256  2.45758981637770320000 57682.5387565771600000 70.0000000000000000000 0.00488551497750189500
257  3.05321440102267700000 62822.5015330442550000 70.0000000000000000000 0.00647019147953228600
258  2.52685644325896700000 59339.2139279736400000 70.0000000000000000000 0.00499334724796015400
259  2.73579955898554240000 59552.4317907954300000 69.9999999999999900000 0.00538923360657609900
260  2.92857375251856700000 60069.0799978974250000 70.0000000000000000000 0.00576775600284025900
261  3.06110113337590200000 61944.5154897514300000 70.0000000000000000000 0.00618882013381555100
262  1.00000000000000180000 38282.2123703945200000 70.0000000000000000000 0.00588844754844051700
263  1.00000000000000000000 39255.6741850007600000 69.9999999999999900000 0.00611090681956359400
264  1.00000000000000040000 42197.6678875206050000 70.0000000000000000000 0.00589067465142276300
265  1.12627735336818380000 41825.4128397405100000 70.0000000000000000000 0.00577083706444860700
266  1.05584807235356300000 48233.3277693252700000 70.0000000000000000000 0.00614610980435172500
267  1.23245714115339670000 47325.4229100013540000 70.0000000000000000000 0.00604089901860750700
268  1.31794654126665670000 46424.0887398238340000 69.9999999999999700000 0.00605866487755175000
269  1.19800807059744590000 51402.0436189753800000 70.0000000000000000000 0.00628940835040411000
270  1.47670457075504480000 43680.0094357251400000 70.0000000000000000000 0.00582383902743352600
271  1.01436859647470330000 56694.3750386118550000 70.0000000000000000000 0.00658705761123689200
272  1.49481318857583110000 48309.0350875272400000 69.9999999999999900000 0.00617525521024382200
273  1.41585759762321550000 52532.3653560373350000 70.0000000000000000000 0.00634115617103414200
274  1.61449468766978880000 54765.1208430548600000 69.9999999999999900000 0.00656568693703752200
275  1.27660845929452440000 63641.5527502725000000 69.9999999999999700000 0.00687515209604087100
276  1.74963935337565510000 51674.2106327368750000 69.9999999999999100000 0.00646718350310535000
277  1.99522461736833810000 40364.4086394983600000 69.9999999999999600000 0.00580030235048128750
278  1.59199917919400910000 61563.6754632659600000 70.0000000000000000000 0.00688854761910530600
279  1.71179984072743950000 59304.6762218047100000 70.0000000000000000000 0.00682830952870790150
280  1.43546356700707800000 69363.1832479437400000 70.0000000000000000000 0.00718925987557230100
281  2.12357256977879460000 48164.6652960868200000 70.0000000000000000000 0.00632050999879209600
282  2.17043522654140150000 52458.1131420092000000 70.0000000000000000000 0.00664273083743978000
283  1.71898429909472040000 28419.4044153583780000 70.0000000000000000000 0.00357354831773597530
284  2.34665685835600200000 41914.6503299281600000 70.0000000000000000000 0.00591883450919509400
285  2.46180980763058100000 42084.7703602375400000 70.0000000000000000000 0.00587589871430584500
286  2.39582383272593000000 36782.2498027559600000 69.9999999999999900000 0.00527518518138707900
287  2.62443669992507800000 57120.5248153052300000 70.0000000000000000000 0.00715350118834732400
288  2.55419045830295600000 39908.3263940115400000 69.9999999999999900000 0.00548199542318467600
289  1.96452951689106040000 36164.9850884173600000 70.0000000000000000000 0.00402778838969434100
290  2.17498270720643870000 35913.2756779586850000 70.0000000000000000000 0.00429033636306130500
291  2.67809712660956100000 43680.0808527253900000 70.0000000000000000000 0.00592402867121703550
292  2.21605270496143360000 36524.2617389394900000 70.0000000000000000000 0.00437403210851132700
293  2.50239225420055600000 41322.3547281633200000 70.0000000000000000000 0.00504557268431019700
294  1.96049044352300500000 41249.1573029810200000 70.0000000000000000000 0.00389742770741375600
295  2.30736507874023500000 40887.7733959310060000 70.0000000000000000000 0.00446090216039268300
296  2.45649254885693850000 41514.1395358933600000 70.0000000000000000000 0.00479770597974085300
297  2.16338295290163170000 41688.8893419398900000 70.0000000000000000000 0.00422618196304511500
298  1.99700258977774950000 42849.8480425515800000 70.0000000000000000000 0.00397953575653144700
299  1.87486845897001530000 48702.2476011022150000 70.0000000000000000000 0.00387345014652463840
300  1.85459389193780090000 54836.4320623830400000 70.0000000000000000000 0.00395566293931032700
301  1.86141017808248700000 65122.8733332831250000 70.0000000000000000000 0.00408251319426108300
302  1.02423838792245800000 35005.8326269818800000 70.0000000000000000000 0.00519636099984249600
303  1.00000000000000130000 36744.5968859555140000 70.0000000000000000000 0.00583386197651844900
304  1.00000000000000130000 36232.7704118128200000 69.9999999999999600000 0.00571222765258355600
305  1.00000000000000500000 40783.6327325300800000 70.0000000000000000000 0.00572004383802591600
306  1.11139909922731040000 41785.2088460745650000 69.9999999999998300000 0.00563987699602286100
307  1.00000000000000130000 39830.7145871464100000 69.3344856949325400000 0.00618275913982264800
308  1.02641921769296520000 47292.8625534364100000 69.9999999999999900000 0.00595843046380780450
309  1.24887899243258230000 42741.2306427691660000 69.9999999999999900000 0.00564519669024078460
310  1.22679793184862420000 47961.6689102739000000 69.9999999999999900000 0.00593740012684679600
311  1.32114695484847040000 46297.7783581283950000 69.9999999999999900000 0.00591717351135122600
312  1.43433995002707170000 39961.3702202777900000 70.0000000000000000000 0.00545995348011351100
313  1.29564618820122820000 52074.6353092809150000 69.9999999999999900000 0.00623339000935593800
314  1.17392444451113340000 51493.2425923742100000 70.0000000000000000000 0.00614134482156195100
315  1.51919896267276800000 42603.3288406218300000 70.0000000000000000000 0.00570151141731827050
316  1.44460804381040760000 44555.7374803799250000 69.9999999999999600000 0.00578554726382743000
317  1.33153924730153170000 48726.0154130445700000 70.0000000000000000000 0.00590604149574793800
318  1.00000000000000160000 53575.2311525571200000 69.9999999999999300000 0.00633317813589312200
319  1.53379504441351090000 47529.0683457256800000 69.9999999999999400000 0.00605448213892933900
320  1.41324097774505900000 52718.1790095924500000 70.0000000000000000000 0.00621061854026980800
321  1.54599342754646220000 50595.8515612163760000 70.0000000000000000000 0.00611162094145172300
322  1.74224093831691770000 46866.7538864403900000 70.0000000000000000000 0.00608251240374685900
323  1.64687137825079020000 53848.4506801279500000 70.0000000000000000000 0.00640952977279326200
324  1.23684786143113400000 63210.6628567316100000 70.0000000000000000000 0.00667657427330484900
325  2.00172138914320700000 31118.5775440306350000 70.0000000000000000000 0.00526381607212835000
326  1.50376959259655930000 58092.9267012386550000 70.0000000000000000000 0.00644820285077991800
327  1.85575174675955100000 49208.5180690902800000 70.0000000000000000000 0.00635881721724894600
328  1.62451349711001800000 54956.4058412918400000 70.0000000000000000000 0.00634543299282083700
329  2.10504589648748830000 32179.2339348545070000 69.9999999999999900000 0.00545349773859136000
330  1.59780642203306370000 62080.4567998143800000 70.0000000000000000000 0.00677071638213422050
331  1.74038408165398370000 58578.4935441357600000 69.9999999999999700000 0.00668078336372847100
332  1.38849529513026120000 69250.9830130488000000 70.0000000000000000000 0.00698048001713772600
333  2.16680727477273340000 38992.5154933997600000 70.0000000000000000000 0.00582728939709103040
334  2.29225056240045400000 40329.4834685208700000 70.0000000000000000000 0.00606144573657441400
335  2.19755387307265700000 43401.4536642294840000 70.0000000000000000000 0.00611926839774385700
336  2.33281938300001000000 44914.4271154421500000 70.0000000000000000000 0.00637866100814522000
337  2.31481981719439340000 27917.3806410747420000 70.0000000000000000000 0.00517127370014911800
338  1.41602812227428340000 17533.0454579935700000 70.0000000000000000000 0.00293760036244130730
339  2.42224307853165840000 28716.1579241732470000 70.0000000000000000000 0.00534698914755214600
340  1.44142521558676040000 18378.9029136140600000 70.0000000000000000000 0.00298055857115388300
341  2.45428013136379160000 27233.7191877107540000 70.0000000000000000000 0.00516200930888991200
342  2.24424350561166300000 21640.2294887499400000 70.0000000000000000000 0.00441871328024096440
343  2.55785844444370360000 27964.4168841264470000 70.0000000000000000000 0.00532528037684758500
344  2.32300100306814630000 22405.3838310347400000 70.0000000000000000000 0.00453992970662080600
345  2.66874729612322350000 43592.7112693107340000 70.0000000000000000000 0.00646598482148500400
346  2.81950241637872660000 44773.0887336534400000 70.0000000000000000000 0.00672505156713556950
347  2.37304472981092700000 23330.8949898067400000 70.0000000000000000000 0.00455383541065677900
348  1.59951388837650430000 21999.2000562842370000 70.0000000000000000000 0.00319028974573266200
349  2.41640170930095440000 23813.0115572797550000 70.0000000000000000000 0.00462115062057358700
350  2.55092971340809350000 26742.2260403545400000 70.0000000000000000000 0.00510159900447455700
351  1.84435747450921200000 22179.0829572377950000 70.0000000000000000000 0.00345831173135441450
352  1.88432394976855360000 22154.9985479322500000 70.0000000000000000000 0.00351282664835107740
353  1.63923935652907000000 23252.9505528945100000 70.0000000000000000000 0.00325863598305716000
354  2.63550734062858230000 27474.7473695409130000 70.0000000000000000000 0.00523528562041143150
355  1.88608395842621300000 23123.9968961463500000 70.0000000000000000000 0.00352441516252806120
356  1.92764908763622470000 23085.0790193576140000 70.0000000000000000000 0.00358136396724640200
357  2.20053022758645300000 24334.6081419128750000 70.0000000000000000000 0.00401452860725655100
358  1.56489033294614340000 25757.6381825706230000 70.0000000000000000000 0.00306417457759536370
359  1.90585836236295600000 25003.5378443189950000 70.0000000000000000000 0.00351070938256019300
360  2.09682472963726500000 24869.9514385136060000 70.0000000000000000000 0.00380498169978096430
361  2.25685629918068500000 25267.5049994192920000 70.0000000000000000000 0.00410165264813360800
362  1.75229297993379870000 25875.7492236564200000 70.0000000000000000000 0.00332284645838533880
363  1.59232173865980140000 26941.4200568709100000 70.0000000000000000000 0.00311538167497496130
364  1.58701348858882670000 27052.4330334825940000 70.0000000000000000000 0.00314150599853092560
365  1.94983337896295870000 26108.4863973591420000 70.0000000000000000000 0.00358209124321974550
366  2.15033521430663970000 25922.8617521830900000 70.0000000000000000000 0.00388860574507372000
367  1.78222173595052440000 26835.7525647874300000 69.9999999999999900000 0.00337443426318199700
368  1.61788926112274730000 28386.0650833905270000 70.0000000000000000000 0.00320024822447719650
369  1.48750572595657670000 31185.3523497064380000 70.0000000000000000000 0.00306551086055965800
370  1.51076314781318700000 32712.2186493291500000 70.0000000000000000000 0.00311953502485955720
371  1.46364816305120530000 35074.0551323082300000 70.0000000000000000000 0.00312771824509593700
372  1.48934871931243750000 37156.8283734563500000 70.0000000000000000000 0.00319567308930106500
373  1.48955631685751100000 42738.4009543316300000 70.0000000000000000000 0.00324486099190567870
374  1.50606370762553320000 44441.6512264276700000 70.0000000000000000000 0.00329595541257042000
375  1.00000000000000090000 51035.1406202974200000 70.0000000000000000000 0.00621864182446746600
376  1.00000000000000180000 52216.1329902597000000 70.0000000000000000000 0.00644526919780113600
377  1.03959914400583390000 53026.9033138662800000 70.0000000000000000000 0.00616650984585051600
378  1.00000000000000090000 55771.2817213814400000 69.9999999999994000000 0.00715102314231266900
379  1.00000000000000000000 56402.4275905808600000 70.0000000000000000000 0.00710956866608560400
380  1.13677867951924050000 52834.1029828943700000 69.9999999999999700000 0.00600999898316111700
381  1.00000000000000000000 61746.2171268243840000 69.9999999999999700000 0.00695005692507221200
382  1.12274455540562170000 59936.0220353399200000 69.9999999999999700000 0.00644823747108591200
383  1.24193195325836530000 59649.5812947936900000 69.9999999999999900000 0.00629372559455055300
384  1.28446658499328040000 60054.0605847571700000 70.0000000000000000000 0.00632523705605213300
385  1.24226502867758340000 64647.1405652950340000 70.0000000000000000000 0.00660104681076730300
386  1.40041402612025130000 60387.9152658856550000 70.0000000000000000000 0.00617949889472479800
387  1.14412194865914000000 73309.9303006582500000 70.0000000000000000000 0.00712757705212656650
388  1.42186190734655800000 65864.2432528602200000 70.0000000000000000000 0.00652881746146247200
389  1.40339680615685030000 68391.5487249523300000 70.0000000000000000000 0.00667357265582106000
390  1.54765517801394500000 74795.8892391571900000 70.0000000000000000000 0.00698026220923307600
391  1.37752599310657100000 79394.1886004478700000 70.0000000000000000000 0.00727462344443990400
392  1.62420030712614000000 75455.4051437386800000 70.0000000000000000000 0.00698176967678946800
393  1.56657131917815000000 79957.2190535617000000 70.0000000000000000000 0.00722512665102088900
394  1.85922704247797930000 73682.7669648095200000 70.0000000000000000000 0.00683011678986595400
395  1.63007949688438150000 79850.7801879984200000 70.0000000000000000000 0.00719452817139669700
396  1.51666255377080100000 86576.6348652321900000 70.0000000000000000000 0.00755865327669687900
397  1.85696017890044860000 78130.3063659717900000 70.0000000000000000000 0.00691333904658511100
398  1.98126181310181630000 87333.3120394215400000 70.0000000000000000000 0.00753113764228580700
399  2.21701632917167100000 82723.9320108591800000 70.0000000000000000000 0.00723508069357060900
400  2.47809829015455100000 55521.3751382393240000 70.0000000000000000000 0.00526236192469917200
401  2.57795102188902360000 77610.4295236729000000 69.9999999999999700000 0.00703159725660145700
402  2.40101193456519800000 85912.1809132409000000 70.0000000000000000000 0.00740291126320705800
403  2.41455352723113760000 104345.663713140560000 70.0000000000000000000 0.00849189752750492500
404  2.90941375244572460000 85201.2646671103000000 69.9999999999999700000 0.00761269630948848100
405  2.86162568470104570000 70045.7931622592600000 70.0000000000000000000 0.00610168173469956400
406  3.04702430090603830000 71419.3192943529100000 70.0000000000000000000 0.00646350942400795100
407  3.03139033733717780000 72223.3696782514600000 70.0000000000000000000 0.00650294311351447900
408  2.88283187930580540000 93950.4032175194000000 70.0000000000000000000 0.00804578454967480600
409  3.21016095399756400000 84065.1921042848300000 70.0000000000000000000 0.00738421162882607100
410  2.95206064254005040000 77006.5949474073000000 70.0000000000000000000 0.00596034348686471500
411  3.13998204250737260000 78146.9542644262100000 70.0000000000000000000 0.00640734866540200800
412  3.30885909138467360000 79600.7090477860000000 70.0000000000000000000 0.00682564863470885700
413  3.37342964051480140000 83094.2626248544700000 70.0000000000000000000 0.00725767956383784300
414  3.07421493969864600000 81036.4099763043900000 70.0000000000000000000 0.00620559049437542400
415  1.00000000000000000000 38395.5825783255060000 70.0000000000000000000 0.00593714089825114700
416  1.00000000000000000000 39219.6941337792400000 69.9999999999999600000 0.00615243817050880300
417  1.01264990313737000000 41730.3951610998050000 70.0000000000000000000 0.00592164882870650950
418  1.14942974437376100000 39084.0059350395500000 70.0000000000000000000 0.00568721749506370200
419  1.08856145953436470000 47022.4096777205300000 70.0000000000000000000 0.00616884780685145300
420  1.27618032635974070000 44979.1965497730100000 69.9999999999999700000 0.00601336858007688200
421  1.36801623339171790000 43678.4719730779700000 69.9999999999999700000 0.00601703605310937900
422  1.24433998310110800000 49509.9431570216700000 70.0000000000000000000 0.00629795404590752900
423  1.52370857796684760000 40264.5649342849300000 70.0000000000000000000 0.00573838906747825000
424  1.03819919034909920000 56182.9072396102100000 70.0000000000000000000 0.00665649855220659500
425  1.55050508074650530000 44750.4069390588000000 70.0000000000000000000 0.00610279491163659600
426  1.47196224482381650000 49417.1317506725100000 70.0000000000000000000 0.00629662016368806600
427  1.67735042573200550000 50681.6373930676800000 69.9999999999999700000 0.00648420883079701700
428  1.32249104534390630000 61471.1099737057500000 70.0000000000000000000 0.00688831728657951400
429  1.79906443786550960000 46855.3009726239600000 70.0000000000000000000 0.00632589292397363300
430  1.98127398845223300000 35190.0971197782800000 70.0000000000000000000 0.00554491584207742500
431  1.67078757166406660000 57974.6165199323660000 69.9999999999999600000 0.00686653647738507000
432  1.78202522426050300000 54809.0975185015850000 69.9999999999999700000 0.00674259426517552900
433  1.50038997172528240000 66730.9887912120200000 70.0000000000000000000 0.00721375732028117300
434  2.13914019512504970000 42466.7379355885300000 70.0000000000000000000 0.00608651801076816800
435  2.19404078053042100000 46388.7700612466940000 69.9999999999999900000 0.00640520981254087700
436  2.26474046699795300000 35910.2002109229650000 70.0000000000000000000 0.00554431846159163900
437  1.60574545533927450000 25563.6743110225320000 70.0000000000000000000 0.00336979394834798700
438  2.38457414825311350000 36372.2436254148340000 70.0000000000000000000 0.00552843914857051050
439  2.27282903351543460000 31937.8547021789560000 70.0000000000000000000 0.00491977665132491600
440  2.60111086016298780000 49665.0126786478600000 70.0000000000000000000 0.00679204696602281300
441  2.40829574551151400000 34789.6035813416900000 70.0000000000000000000 0.00509078560751704200
442  1.81112736370818900000 32193.1883265254440000 70.0000000000000000000 0.00374251498107492330
443  2.56572990971316400000 38083.2070342790700000 70.0000000000000000000 0.00554632184812556500
444  2.03789869012511600000 32543.1543358689600000 70.0000000000000000000 0.00402469327406854800
445  2.05824992993467300000 32642.7638055616100000 70.0000000000000000000 0.00406785978396640500
446  2.35416242688401760000 37075.1822180505700000 70.0000000000000000000 0.00471321400898118100
447  1.80606448920795140000 36885.5521669139500000 70.0000000000000000000 0.00362589418415767540
448  2.14242852038736500000 36906.2798762041060000 70.0000000000000000000 0.00415327578617339000
449  2.28932396160197670000 37268.1372013377500000 70.0000000000000000000 0.00446192407687058100
450  2.00219986646811330000 37630.8266356025000000 70.0000000000000000000 0.00393635941365455100
451  1.84570048275856840000 38689.5887196077600000 70.0000000000000000000 0.00371408462208904500
452  1.74040410046545450000 44012.2229575592700000 70.0000000000000000000 0.00362905471772352480
453  1.72885833420482650000 49769.5235362226200000 70.0000000000000000000 0.00371616462224565000
454  1.74360357736143910000 59178.0734475494600000 70.0000000000000000000 0.00383956657453270740
455  1.00000000000000130000 24575.1560938636430000 70.0000000000000000000 0.00469621801590671400
456  1.43151848527953400000 39947.9754336376000000 69.9999999999999700000 0.00584237393107236500
457  1.00000000000000000000 36879.8423801179300000 70.0000000000000000000 0.00591126195602298400
458  1.00000000000000130000 37842.6808379703600000 69.9999999999996400000 0.00613530409307643000
459  1.06927763355499120000 37853.2565873112300000 70.0000000000000000000 0.00583335272518168200
460  1.20498963945078530000 34626.9357958446850000 70.0000000000000000000 0.00555838637367713550
461  1.15674065847422500000 42558.9654275832000000 70.0000000000000000000 0.00607629704576388800
462  1.32867421239212180000 38970.2183935499500000 70.0000000000000000000 0.00580620198914430600
463  1.39677460889506920000 36980.0476778015950000 70.0000000000000000000 0.00573453405851356850
464  1.31290637882759280000 43547.4644843770660000 70.0000000000000000000 0.00612802317251298000
465  1.52692887943480460000 33469.5765960383000000 70.0000000000000000000 0.00541321547277531000
466  1.11771003283215880000 53116.6154408014550000 70.0000000000000000000 0.00668990796929714360
467  1.55897213219170830000 37280.6648170906560000 69.9999999999999900000 0.00575396929699893600
468  1.51697320773167270000 41980.7857290560000000 70.0000000000000000000 0.00601172692328842300
469  1.69611206167852170000 42301.0035493322400000 70.0000000000000000000 0.00611265441340106800
470  1.42753363833240840000 55162.5802697711200000 70.0000000000000000000 0.00678313384993141600
471  1.77930694391589260000 38544.8335706275800000 70.0000000000000000000 0.00589891142095818000
472  1.86728809418039550000 28207.6830188989400000 70.0000000000000000000 0.00506222499542449500
473  1.72455140872829470000 49037.8627899031000000 70.0000000000000000000 0.00652929542810158500
474  1.80435675210749060000 45703.2907096165800000 70.0000000000000000000 0.00634543254638342000
475  1.60798570921574860000 58466.2876685622600000 70.0000000000000000000 0.00701696712942776200
476  2.03557217833125800000 34217.8936317558550000 69.9999999999999600000 0.00555854914781639400
477  2.10309646842329200000 37550.9410023858140000 69.9999999999999900000 0.00586362270554492400
478  2.09928654206251730000 28867.8417137494300000 70.0000000000000000000 0.00501641105247950350
479  1.45808474414613930000 20971.2021142120430000 70.0000000000000000000 0.00309983963610123400
480  2.19126464903411800000 29293.1852906748600000 70.0000000000000000000 0.00497626683674809400
481  2.05306415377924050000 25844.9549728092000000 70.0000000000000000000 0.00440911976083843800
482  2.45564481933069600000 40142.4008691470150000 70.0000000000000000000 0.00616029570884289200
483  2.16811230708249660000 28318.1811079658040000 70.0000000000000000000 0.00454968317416039900
484  1.62361895796802980000 26405.5652297397800000 70.0000000000000000000 0.00338967152943619750
485  2.32255410694175000000 30842.5814283695730000 70.0000000000000000000 0.00495052954456211800
486  1.82642630060147940000 26976.4387639495600000 70.0000000000000000000 0.00363282469834864400
487  1.84555315326529800000 27036.0961660531140000 70.0000000000000000000 0.00366954676241539300
488  2.08970134061449950000 30360.2106224438720000 70.0000000000000000000 0.00418817625981769100
489  1.62964057822201300000 30500.3276691416360000 70.0000000000000000000 0.00329701745549878040
490  1.90453203999723200000 30417.1900307042100000 70.0000000000000000000 0.00371737086991117540
491  2.03239424409219760000 30662.3300818913740000 70.0000000000000000000 0.00397615143316252000
492  1.78187424992158540000 30906.7528097452920000 70.0000000000000000000 0.00353221454661266200
493  1.65962881396460400000 31979.6074866478850000 70.0000000000000000000 0.00336558490419040960
494  1.57739900190338660000 36116.2958437423900000 70.0000000000000000000 0.00329419734267093550
495  1.57225731365454240000 40796.8686565530200000 70.0000000000000000000 0.00336763020045875930
496  1.60250188574755550000 49122.2843919782460000 70.0000000000000000000 0.00349027783876145100
497  1.04223896257251970000 34799.9319957841900000 70.0000000000000000000 0.00521125334381830200
498  1.33116015360171700000 44350.8222702937860000 70.0000000000000000000 0.00583979865337145350
499  1.31076373249423160000 50423.4720250567400000 70.0000000000000000000 0.00617824806266047500
500  1.53778638230787280000 40432.6534759102300000 70.0000000000000000000 0.00562310482849888700
501  1.55381123864405480000 45225.5271419630900000 70.0000000000000000000 0.00597429806026413700
502  1.67294491341193160000 51455.4696762939350000 70.0000000000000000000 0.00633577379820998900
503  1.87772081333156220000 45876.5470717754100000 70.0000000000000000000 0.00623297637409813700
504  1.61658780798143460000 59748.1036905701100000 70.0000000000000000000 0.00669090878320318200
505  2.10666585775190240000 27882.8555940983680000 70.0000000000000000000 0.00525995765347498700
506  1.76707570317341320000 56007.6499411925900000 69.9999999999999400000 0.00659971828181929000
507  2.30673525974402800000 35738.8452881001200000 70.0000000000000000000 0.00587020564855229300
508  2.35363069647000700000 40246.9319028316000000 70.0000000000000000000 0.00619263957998674200
509  2.38088237189707300000 23735.8563562170500000 70.0000000000000000000 0.00507569377799862500
510  1.32285459112822260000 16675.3955207656580000 70.0000000000000000000 0.00282329962372453400
511  2.50024228480830800000 22954.1998659340280000 70.0000000000000000000 0.00503416071956794600
512  2.21440206951528300000 18657.9236411779700000 70.0000000000000000000 0.00424292658752213400
513  2.82669033931084670000 38838.7721765368040000 70.0000000000000000000 0.00646987755877367900
514  2.28193664068089270000 19942.5728063468200000 70.0000000000000000000 0.00428952808599855450
515  2.52014389135744880000 22620.3573035012450000 70.0000000000000000000 0.00487854942285594500
516  1.49172282110886910000 21174.9782779714370000 70.0000000000000000000 0.00304879027696886840
517  1.71904634676005320000 20700.0460563772100000 70.0000000000000000000 0.00326291110894807180
518  1.76095768090029050000 20595.8997431583160000 70.0000000000000000000 0.00331340717015291860
519  2.08268270958592750000 22128.7212292541100000 70.0000000000000000000 0.00377865562507810700
520  1.44570074037967890000 24828.0537322106600000 70.0000000000000000000 0.00293215522350458860
521  1.77085258541029170000 23579.3177956991700000 70.0000000000000000000 0.00331010985951189200
522  1.96760426317474150000 23063.5003448406680000 70.0000000000000000000 0.00358053870995504300
523  1.61169676668149990000 24450.8752230388800000 70.0000000000000000000 0.00313509107781536400
524  1.46239936428489200000 26255.8122633171880000 70.0000000000000000000 0.00300355349546571900
525  1.38579503137351500000 30377.3512593002450000 70.0000000000000000000 0.00296465922900871000
526  1.37574145244906280000 34295.3408452826200000 70.0000000000000000000 0.00304157329735948570
527  1.41490027838773820000 41040.0117080056950000 70.0000000000000000000 0.00315177638907640240
528  1.00000000000000130000 76398.1101647544600000 70.0000000000000000000 0.00667620787755694200
529  1.00899463379561240000 76280.1735870626100000 70.0000000000000000000 0.00658527978889941000
530  1.07771961100482530000 76791.1635610109100000 70.0000000000000000000 0.00645556981687606550
531  1.00000000000000130000 87583.4873310288700000 69.9999999999999600000 0.00769047397584543800
532  1.00000000000000000000 88521.2401359790700000 70.0000000000000000000 0.00779455037955427800
533  1.14645155248315270000 76459.9209722245400000 70.0000000000000000000 0.00622991381156946600
534  1.00000000000000070000 93103.8434590337100000 70.0000000000000000000 0.00745928873030856100
535  1.16129659576980100000 85960.8323806198200000 70.0000000000000000000 0.00673761338427624900
536  1.26322457429488000000 86424.7203768168800000 70.0000000000000000000 0.00648307543517887340
537  1.25458274424671480000 86612.2947006136700000 70.0000000000000000000 0.00654629474914897050
538  1.26284536994094790000 92822.0182830895500000 69.9999999999999000000 0.00686528950795427500
539  1.36613183938230400000 90349.3980959585800000 70.0000000000000000000 0.00644735002743024300
540  1.21138230155797340000 104519.254636346860000 70.0000000000000000000 0.00754443125852469400
541  1.38577244839639600000 97397.0525180465600000 70.0000000000000000000 0.00678059809888640100
542  1.39426803640381140000 99452.4799065350500000 70.0000000000000000000 0.00692772850147353200
543  1.49377146907290900000 108147.491543386890000 70.0000000000000000000 0.00714983074992126000
544  1.41988297735533190000 112488.014763818120000 70.0000000000000000000 0.00759221518075785940
545  1.53881757940194990000 111647.040945057000000 70.0000000000000000000 0.00721034134835115100
546  1.62571638332084500000 112620.878061932920000 70.0000000000000000000 0.00697156415567850700
547  1.53722250215020800000 114094.338380930190000 70.0000000000000000000 0.00742586782395012300
548  1.58554951353121600000 116858.706720850850000 70.0000000000000000000 0.00745910180277656700
549  1.54956476943696400000 123349.486311893100000 70.0000000000000000000 0.00789253442740942000
550  1.77204444166507500000 128464.787531534980000 70.0000000000000000000 0.00761126345890111300
551  1.79885019980517380000 132943.060368329020000 70.0000000000000000000 0.00780371527008287400
552  3.04577606293427340000 95170.3497665229000000 70.0000000000000000000 0.00693940427988162450
553  1.91584114620988800000 137196.058329511100000 70.0000000000000000000 0.00776031048810706300
554  2.26194655769686560000 148289.056877423920000 70.0000000000000000000 0.00823640741161404800
555  2.11402744309314050000 152707.329127427700000 70.0000000000000000000 0.00836199760395999000
556  2.07336608725896800000 158272.185857957600000 70.0000000000000000000 0.00863590421385134800
557  3.47480994783273320000 118159.292404845740000 70.0000000000000000000 0.00801515861431491500
558  2.54755714103686960000 165963.921069904090000 70.0000000000000000000 0.00904863592516629500
559  2.34629877748174480000 169738.687280352980000 70.0000000000000000000 0.00901338963288402700
560  3.70901348391790140000 137458.388718701140000 70.0000000000000000000 0.00894681972984998800
561  3.63529878889428250000 140450.225986385340000 70.0000000000000000000 0.00898380317203494000
562  3.95200095465472200000 122175.895912377980000 70.0000000000000000000 0.00819374494914825000
563  3.96367579836720600000 121135.838514965400000 70.0000000000000000000 0.00810935015120368600
564  3.95676528790939900000 131955.850382294070000 70.0000000000000000000 0.00868895748058147600
565  3.90618316582900500000 142132.926287659620000 70.0000000000000000000 0.00910511942158741800
566  3.65938343620224640000 156262.031419335540000 70.0000000000000000000 0.00945791845553035200
567  3.41949824652818670000 167926.074546665970000 70.0000000000000000000 0.00971146220556491300
568  1.17597663817059270000 70735.7233305129900000 70.0000000000000000000 0.00758872718534785860
569  1.21170838142746560000 69193.7091636804700000 69.9999999999999900000 0.00736388893876732300
570  1.27762988685608980000 68915.6387285389200000 70.0000000000000000000 0.00714882401512015500
571  1.11229524175478670000 89201.4163329989200000 70.0000000000000000000 0.00902493409666522100
572  1.10987874640049600000 90026.8781842255100000 70.0000000000000000000 0.00913967672299546800
573  1.33542884920176870000 68344.3677683216700000 70.0000000000000000000 0.00682091539776545200
574  1.24580080191784440000 87775.6761601394700000 70.0000000000000000000 0.00870654624963555400
575  1.39805287869737940000 77255.7412237820700000 70.0000000000000000000 0.00753056426269049100
576  1.48130401407641930000 77299.2244923317800000 69.9999999999999600000 0.00714599298261306900
577  1.48277810626576080000 77445.2753698153100000 70.0000000000000000000 0.00724163467073724100
578  1.51552584447177600000 83228.3893170639200000 70.0000000000000000000 0.00765496675270468850
579  1.59297867981573200000 80278.3811824104500000 70.0000000000000000000 0.00705707662879591440
580  1.52863701469353350000 94773.5637067910000000 69.9999999999999900000 0.00868568885874846700
581  1.63011942344219630000 86863.0019377064300000 70.0000000000000000000 0.00746627695804439550
582  1.66416132973697620000 88929.9211431195700000 70.0000000000000000000 0.00769725284024482000
583  1.78259965959614970000 97076.2435699819200000 70.0000000000000000000 0.00796767041828163100
584  1.76027388708186000000 101051.282548034970000 70.0000000000000000000 0.00863185858006830900
585  1.81151253199283200000 99116.5561925758400000 70.0000000000000000000 0.00791701268103450000
586  1.90074814205161170000 99553.7396729302700000 70.0000000000000000000 0.00762828872702244200
587  1.85688865662228200000 102164.439361546350000 70.0000000000000000000 0.00829854986683155700
588  1.91299354159577730000 104853.370324467670000 69.9999999999999700000 0.00834302891679521800
589  1.93559678870352330000 111299.910829917200000 70.0000000000000000000 0.00902396704517798900
590  2.08880489913014700000 113094.081061389470000 70.0000000000000000000 0.00832154073101604300
591  2.14235876487675000000 118139.444611346410000 70.0000000000000000000 0.00862100405720277700
592  3.14262140309668950000 80095.1602805844900000 70.0000000000000000000 0.00692854418215790250
593  2.27034797573366100000 119326.101592142540000 70.0000000000000000000 0.00844149717915797800
594  2.72328751822812600000 122871.939795134590000 70.0000000000000000000 0.00881141798676857500
595  2.70248591197312350000 139038.882358064580000 70.0000000000000000000 0.00964744708195783000
596  2.50221239170700200000 140813.719922716180000 70.0000000000000000000 0.00959554050272605700
597  3.63224733408386860000 100740.849345576770000 70.0000000000000000000 0.00810204398993560200
598  3.09649614344075270000 135310.110282078240000 70.0000000000000000000 0.00963819516194933000
599  3.99999999999997700000 112760.896201699330000 70.0000000000000000000 0.00911458514981980200
600  3.97857188214998100000 113825.814676661710000 70.0000000000000000000 0.00912866764043134000
601  3.15982114589364160000 151672.057111513680000 70.0000000000000000000 0.01043221117975902900
602  3.99999999999994600000 109448.708040081370000 69.9999999999999900000 0.00818934368459490300
603  3.99999999999999200000 109428.276726987300000 70.0000000000000000000 0.00819544417769908400
604  3.99999999999999300000 115687.327050069800000 70.0000000000000000000 0.00876529195413037200
605  3.99999999999999700000 122148.105715098830000 70.0000000000000000000 0.00928259746116801000
606  4.00000000000000000000 128735.673096549120000 70.0000000000000000000 0.00971041267230689200
607  3.97520975164943420000 135840.910359419070000 70.0000000000000000000 0.01020565247493970100
608  3.72297272032902350000 114391.262360382550000 58.6507986044426400000 nan0000000000000000000
609  3.21923562200980700000 120793.648452245800000 69.9912888077387300000 nan0000000000000000000
610  3.60798410893491850000 125603.289819043800000 55.2614678563243440000 nan0000000000000000000
611  3.31823989301346600000 114257.144344251240000 68.6128653587926200000 nan0000000000000000000
612  1.56208151545255160000 122784.993761876770000 45.2409905176858400000 nan0000000000000000000
613  2.62445309282528160000 186605.658326837870000 64.7905224832020500000 nan0000000000000000000
614  3.58633704804162520000 101318.354865257380000 59.7568511872808200000 nan0000000000000000000
615  3.83957257286293040000 174525.855662340820000 65.5100805937113600000 nan0000000000000000000
616  3.64169446511906750000 32662.5367601821200000 40.9332019380266800000 0.00503689259861400300
617  2.05748593666557300000 86441.4709694842600000 39.6176065671715900000 0.00414229652515733300
618  2.78505504746988200000 52261.9088292701800000 67.1233974562285200000 nan0000000000000000000
619  2.04756259736833270000 112605.249813625340000 46.6659003399869500000 nan0000000000000000000
620  2.65643049417351170000 18442.6939595195200000 31.0842471116129960000 nan0000000000000000000
621  3.10413509433802750000 190505.494182844440000 40.1392772920693900000 nan0000000000000000000
622  3.42398516369123400000 196698.570333059730000 33.8937369970965400000 nan0000000000000000000
623  3.05276481259373970000 73660.9594005385400000 14.3934182634884420000 nan0000000000000000000
624  2.77294067967014920000 10528.4414174472860000 49.3540966347812800000 nan0000000000000000000
625  1.46035498155319330000 139539.702009662050000 69.9457944876254600000 nan0000000000000000000
626  3.37866605794170700000 52235.2880674078040000 45.9519409814467900000 nan0000000000000000000
627  3.60186111551331500000 163081.839490274430000 48.7220499377380350000 nan0000000000000000000
